00010000
00000000
00010000
00000000
00000000
00000000
00000000
00110000
00010000
00000000
00010001
00000000
00000000
00000000
00000000
00010010
00010000
01011100
00100000
00010000
00000000
00000000
00000000
00000000
00110000
00000100
00000000
00000000
00000000
00000000
00000100
10000000
00110000
00010000
00000000
00000000
00000000
00000000
00000011
10000000
00010000
00011000
00100000
00010000
00000000
00000000
00000000
00000000
00110000
00000000
00000000
00000000
00000000
00000000
00000001
00000000
00010000
00011000
00100001
00000000
00000000
00000000
00000000
00000000
00110000
00000000
00000000
00000000
00000000
00000000
00000001
00000000
00000000
01000000
00000000
00000000
00000000
00000000
00000000
00000000
