00010000
00000000
00010000
00000000
00000000
00000000
00000000
00000101
00010000
00000000
00010101
00000000
00000000
00000000
00000000
00000001
00010000
00000000
00010010
00000000
00000000
00000000
00000000
00000001
00010000
01011100
00100000
00100000
00000000
00000000
00000000
00000000
00110000
00000100
00000000
00000000
00000000
00000000
00000100
00000000
00010000
00100000
00100101
00000000
00000000
00000000
00000000
00000000
00010000
00110100
00000000
00000000
00000000
00000000
00000000
00000000
00110000
00000000
00000000
00000000
00000000
00000000
00000001
10000000
00000000
01000000
00000000
00000000
00000000
00000000
00000000
00000000
