00010000
00000000
00010000
00000000
00000000
00000000
00000000
00000111
00010000
00000000
00010001
00000000
00000000
00000000
00000000
00000000
00010000
00000000
00010010
00000000
00000000
00000000
00000000
00000001
00010000
00000000
00010100
00000000
00000000
00000000
00000000
00000000
00010000
01011100
00100000
01000000
00000000
00000000
00000000
00000000
00110000
00000100
00000000
00000000
00000000
00000000
00000110
00000000
00010000
00000000
00100011
00100000
00000000
00000000
00000000
00000000
00010000
00010000
00100010
00010000
00000000
00000000
00000000
00000000
00010000
00000000
00100001
00110000
00000000
00000000
00000000
00000000
00010000
00110100
00000000
00000000
00000000
00000000
00000000
00000000
00010000
01011100
00100000
01000000
00000000
00000000
00000000
00000000
00110000
00001000
00000000
00000000
00000000
00000000
00000011
00000000
00010000
00000000
00100101
00010000
00000000
00000000
00000000
00000000
00000000
01000000
00000000
00000000
00000000
00000000
00000000
00000000
